1	475	423	405	403	433	568	655	431	385	318	
2	328	748	333	245	276	117	181	268	137	9	
3	286	313	269	748	301	289	690	678	310	315	
4	286	313	333	748	302	323	269	245	326	307	
5	588	82	91	202	501	71	217	72	195	625	
6	603	181	654	705	663	657	172	659	430	210	
7	218	705	222	209	95	525	58	708	739	478	
8	230	226	265	117	161	62	300	121	2	271	
9	300	258	100	127	288	181	269	302	313	328	
10	514	187	427	318	204	523	209	89	79	172	
11	202	210	172	655	66	174	143	82	50	71	
12	56	423	64	210	22	181	173	79	237	655	
13	479	259	134	47	245	386	399	203	496	136	
14	1	286	257	173	137	153	483	209	194	134	
15	117	294	100	276	597	151	313	284	245	288	
16	50	187	238	210	23	196	173	186	97	181	
17	50	121	181	405	258	15	257	275	25	742	
18	83	173	655	511	507	433	484	531	521	657	
19	286	269	300	302	328	301	333	272	50	340	
20	294	222	117	100	237	173	56	7	257	168	
21	333	307	271	682	343	268	546	235	597	331	
22	82	257	576	22	578	183	177	38	56	679	
23	168	210	135	121	69	97	208	186	179	265	
24	50	174	181	204	1	168	172	28	423	196	
25	172	168	100	210	127	191	496	483	89	423	
26	151	273	147	275	245	124	1047	289	411	472	
27	7	117	1	405	237	222	258	181	276	151	
28	183	181	172	135	121	69	1	357	271	179	
29	258	288	302	328	313	333	307	272	327	301	
30	300	269	748	328	288	302	271	1	222	333	
31	286	269	300	288	603	301	333	327	272	134	
32	1	121	258	237	127	25	250	546	15	597	
33	286	748	302	326	322	332	269	327	301	289	
34	300	258	328	313	333	302	269	748	323	307	
35	288	294	313	323	286	245	307	302	301	269	
36	300	258	286	328	294	302	313	301	323	327	
37	181	228	229	227	144	431	2	250	684	188	
38	143	151	132	204	121	323	559	173	755	168	
39	286	313	328	326	245	289	690	323	340	327	
40	313	288	301	748	307	326	690	289	327	315	
41	204	172	210	64	79	127	22	183	483	197	
42	393	117	22	739	56	191	8	133	31	699	
43	125	739	451	22	83	282	255	476	655	132	
44	210	28	234	117	79	288	265	127	215	186	
45	405	117	125	257	222	546	235	471	1047	274	
46	258	269	323	302	289	678	301	326	322	271	
47	300	313	328	294	333	748	272	326	245	690	
48	300	127	204	197	168	135	258	474	69	435	
49	288	109	100	24	250	184	257	393	222	169	
50	7	237	258	302	294	273	129	150	333	93	
51	174	204	56	98	168	69	195	194	79	357	
52	1	50	181	276	222	9	125	118	286	14	
53	121	1	117	222	405	237	127	742	597	294	
54	294	222	300	286	282	125	15	9	323	678	
55	222	1	100	127	546	96	258	151	237	250	
56	257	99	739	419	2	431	566	380	132	367	
57	118	742	25	276	127	235	147	9	274	508	
58	286	14	276	79	202	179	285	258	508	197	
59	153	222	631	509	8	88	482	117	275	546	
60	191	127	527	504	526	187	520	432	657	99	
61	313	286	288	302	307	245	326	322	272	289	
62	25	79	11	265	234	95	143	58	161	137	
63	7	117	275	151	9	124	313	742	125	298	
64	204	121	357	180	117	226	286	483	200	88	
65	204	174	172	357	143	132	181	71	22	8	
66	100	222	118	276	125	546	151	25	111	275	
67	118	100	742	546	257	237	222	50	597	181	
68	1	100	15	222	151	257	282	294	546	597	
69	127	286	1	276	121	257	328	742	269	405	
70	258	195	154	118	98	97	144	153	250	62	
71	1	127	7	258	172	173	204	269	191	238	
72	22	183	385	11	144	651	511	483	31	282	
73	50	98	174	168	238	181	204	172	258	191	
74	286	269	748	289	327	323	322	332	678	271	
75	7	15	50	282	257	276	181	471	9	274	
76	475	268	302	11	238	179	127	508	357	273	
77	7	204	79	22	135	151	117	423	64	318	
78	300	258	286	748	111	1	100	15	328	245	
79	302	14	475	137	300	181	289	250	294	271	
80	286	318	174	69	197	98	191	216	204	357	
81	117	15	50	125	257	9	181	546	471	508	
82	117	98	257	204	132	742	172	498	423	427	
83	237	742	282	202	284	763	71	257	451	815	
84	471	50	118	125	9	181	127	257	288	275	
85	483	603	185	183	285	202	88	484	176	22	
86	313	294	302	333	748	307	301	323	272	245	
87	168	29	226	173	82	187	399	12	227	117	
88	269	258	328	272	333	294	307	288	748	340	
89	285	70	286	276	116	274	124	9	255	462	
90	582	504	58	124	663	283	484	238	319	205	
91	194	258	286	199	185	197	496	288	96	180	
92	121	151	550	70	746	97	17	232	470	588	
93	237	405	15	117	25	111	257	50	100	742	
94	95	231	239	2	582	578	117	65	660	747	
95	230	222	380	118	732	435	501	231	559	418	
96	172	357	168	204	210	69	12	180	22	175	
97	181	56	210	483	127	474	176	238	216	427	
98	208	204	603	202	174	153	134	269	238	186	
99	286	127	15	9	333	257	118	284	298	411	
100	748	307	301	272	245	327	332	322	331	259	
101	15	25	100	276	235	274	9	476	685	591	
102	250	679	22	257	177	472	24	232	380	455	
103	1	100	258	174	7	237	151	172	15	79	
104	1	742	323	298	322	275	125	597	118	326	
105	300	328	294	301	326	271	245	289	323	332	
106	237	283	215	111	58	50	471	204	197	83	
107	328	294	748	307	301	326	272	245	289	690	
108	117	257	237	151	118	15	25	258	276	9	
109	100	235	2	685	38	684	143	273	24	182	
110	4	302	210	328	66	62	172	554	239	347	
111	300	313	294	288	748	690	289	347	268	310	
112	288	326	340	271	268	270	259	316	304	292	
113	302	748	313	269	307	301	271	340	272	332	
114	174	50	194	127	238	64	23	603	173	187	
115	182	64	276	195	318	180	144	156	55	405	
116	327	245	319	321	100	316	305	242	682	312	
117	100	294	118	127	250	235	204	183	24	300	
118	183	219	357	12	447	11	238	182	89	209	
119	1	127	748	118	15	273	302	333	284	151	
120	121	222	181	100	471	7	276	151	597	275	
121	7	222	15	471	258	286	151	111	284	475	
122	97	196	58	318	213	462	735	52	170	655	
123	483	194	357	603	174	318	654	237	56	191	
124	181	56	210	204	183	100	176	127	89	222	
125	100	514	154	4	603	423	257	127	419	99	
126	269	748	307	301	271	268	879	347	331	751	
127	313	181	328	286	323	751	333	269	678	307	
128	318	699	125	8	735	66	95	582	286	22	
129	328	294	333	301	326	289	690	340	315	332	
130	273	323	559	576	72	55	151	302	25	164	
131	283	237	13	116	257	111	258	50	117	475	
132	181	7	1	475	14	257	276	174	13	269	
133	302	288	333	748	307	301	323	326	690	289	
134	288	333	245	307	272	289	322	690	271	332	
135	96	11	182	195	188	550	218	89	187	53	
136	50	285	181	1	13	7	258	121	111	222	
137	258	118	294	7	100	127	151	742	125	228	
138	127	50	174	181	134	479	276	197	7	23	
139	258	269	7	276	300	50	294	124	333	313	
140	300	328	313	333	269	748	307	323	326	272	
141	111	9	685	411	845	273	255	628	148	508	
142	258	286	300	50	302	269	313	328	271	748	
143	300	302	748	269	245	301	322	327	332	289	
144	121	275	79	11	111	269	25	222	13	238	
145	288	748	245	323	147	322	125	127	307	291	
146	333	288	748	326	690	289	327	323	332	268	
147	300	328	272	333	294	307	288	748	315	289	
148	100	423	210	183	176	419	153	121	95	154	
149	288	294	307	748	289	690	315	332	347	322	
150	7	117	257	237	405	508	222	9	25	111	
151	527	479	179	8	71	511	99	180	237	283	
152	216	70	202	732	476	28	196	282	1	318	
153	50	300	98	288	195	286	96	69	210	183	
154	100	98	127	56	357	483	181	603	134	183	
155	258	313	333	302	307	269	301	678	289	272	
156	182	56	127	23	98	69	174	79	654	134	
157	121	257	237	7	181	222	275	294	151	9	
158	405	257	2	515	265	578	597	554	12	685	
159	300	282	1	100	284	1047	50	147	257	151	
160	181	12	129	121	98	156	235	238	257	222	
161	100	172	1	216	357	173	237	79	64	423	
162	117	100	405	257	127	118	546	475	250	235	
163	294	313	302	328	333	748	327	268	245	340	
164	294	546	288	15	1	286	50	7	591	284	
165	50	294	300	98	286	56	313	172	1	173	
166	333	748	302	269	245	307	326	301	272	289	
167	168	132	496	191	194	208	143	211	514	135	
168	237	471	50	111	100	147	591	476	756	298	
169	294	286	194	435	205	474	357	484	197	496	
170	313	286	748	307	302	332	289	301	327	272	
171	300	328	333	294	301	307	748	289	347	332	
172	654	134	479	480	482	185	187	504	484	474	
173	288	313	333	748	307	272	340	271	315	310	
174	25	15	367	732	274	692	294	411	815	173	
175	174	69	318	181	357	204	79	22	210	423	
176	269	302	300	1	313	276	748	333	301	127	
177	286	357	156	234	269	180	313	328	655	273	
178	182	4	151	357	403	550	88	692	188	291	
179	286	328	294	748	326	245	327	289	332	323	
180	172	70	168	210	97	174	215	238	88	64	
181	293	257	298	248	250	255	246	313	1014	1016	
182	181	117	151	405	25	7	276	118	275	125	
183	385	117	82	566	403	568	161	265	550	172	
184	111	83	28	135	151	204	179	8	133	471	
185	100	14	1	300	283	137	313	294	117	124	
186	328	748	245	282	471	323	685	597	313	125	
187	318	174	655	98	202	172	238	88	143	153	
188	172	183	423	182	117	12	196	132	1	82	
189	514	168	211	435	286	515	222	285	98	208	
190	286	323	322	678	100	1	127	50	284	307	
191	258	333	294	301	748	326	690	245	289	327	
192	1	237	117	181	405	286	222	275	151	15	
193	748	245	302	322	50	272	323	204	315	181	
194	96	143	176	684	480	603	11	528	484	233	
195	288	286	302	269	7	268	294	50	250	222	
196	283	275	14	367	88	168	100	137	732	216	
197	269	315	144	310	327	222	117	270	331	301	
198	22	12	28	144	288	202	209	483	588	582	
199	300	288	50	181	748	257	302	328	222	289	
200	181	403	97	257	566	550	144	237	471	164	
201	433	135	52	170	382	159	628	229	528	5	
202	50	181	174	300	100	210	168	127	313	294	
203	121	405	222	300	286	118	15	125	127	25	
204	313	294	328	333	272	289	307	690	326	327	
205	288	302	748	323	307	245	301	272	690	332	
206	286	328	288	307	301	289	327	322	271	347	
207	50	172	124	651	7	732	31	405	168	546	
208	168	732	173	210	94	238	153	8	692	174	
209	300	313	302	100	294	275	257	748	288	268	
210	194	496	64	191	318	22	196	143	100	427	
211	50	258	294	121	1	222	313	748	174	100	
212	98	258	100	174	302	582	50	275	69	357	
213	100	237	183	9	96	276	22	89	423	742	
214	286	204	258	153	1	124	183	150	474	210	
215	69	173	79	96	318	135	97	153	265	655	
216	173	288	111	70	195	96	191	186	117	179	
217	230	229	227	228	161	431	265	449	89	188	
218	174	238	357	127	187	182	64	156	474	475	
219	286	313	302	300	301	268	272	70	328	83	
220	313	328	302	748	307	323	268	272	245	326	
221	11	195	144	127	22	233	182	68	226	176	
222	117	143	235	1028	184	1047	42	684	55	122	
223	15	471	748	50	245	100	151	181	9	1028	
224	471	58	735	288	9	272	317	241	71	739	
225	357	174	483	197	435	187	318	69	127	496	
226	100	50	181	1	475	127	222	121	151	257	
227	237	1	257	111	508	742	151	275	181	282	
228	258	300	302	269	294	268	333	328	50	301	
229	294	333	301	307	326	690	289	323	271	327	
230	173	318	191	222	151	215	133	483	89	197	
231	117	222	237	258	118	257	294	100	125	742	
232	174	56	258	168	216	238	210	12	79	300	
233	172	132	181	427	496	28	134	173	238	210	
234	514	58	275	203	509	529	708	121	736	118	
235	286	172	127	89	210	168	204	173	514	134	
236	1	357	121	300	197	471	22	215	125	118	
237	194	56	50	435	480	427	654	135	168	496	
238	1	117	50	15	222	742	100	25	275	748	
239	197	357	127	23	191	480	435	211	153	657	
240	258	328	294	333	323	326	690	327	315	340	
241	258	328	333	269	748	301	272	326	323	245	
242	286	258	100	111	269	257	300	276	14	25	
243	70	283	100	9	276	462	216	213	97	50	
244	98	423	202	25	12	11	143	15	402	742	
245	1	121	405	257	118	294	117	15	7	25	
246	168	222	405	7	217	229	79	144	62	183	
247	286	294	313	117	275	288	748	405	237	174	
248	174	56	222	195	258	144	288	204	173	151	
249	127	475	276	204	288	151	508	282	25	118	
250	286	300	121	168	172	268	173	423	176	185	
251	546	127	276	9	284	235	174	274	273	255	
252	237	50	117	257	121	137	285	13	181	127	
253	174	181	69	172	204	195	258	357	423	288	
254	95	228	91	294	173	404	402	420	473	191	
255	333	358	260	742	322	928	164	123	326	307	
256	273	281	111	411	148	68	845	62	470	410	
257	283	302	13	257	268	1	124	7	222	83	
258	302	269	245	307	301	322	272	678	327	271	
259	50	258	100	1	7	56	300	174	127	222	
260	328	286	294	302	323	269	245	301	332	327	
261	258	328	323	286	333	313	678	307	289	302	
262	196	151	173	97	215	168	202	88	25	8	
263	172	286	56	191	173	427	187	313	185	216	
264	475	268	357	174	191	134	474	154	508	180	
265	121	405	222	276	546	25	597	9	127	286	
266	269	258	300	302	111	137	301	294	13	50	
267	96	79	4	11	173	184	117	232	234	38	
268	431	175	202	367	109	393	90	22	410	451	
269	12	443	4	480	28	203	223	97	79	215	
270	405	117	151	91	1	660	9	100	11	196	
271	483	86	14	143	195	282	213	478	66	153	
272	64	195	318	168	182	180	427	100	603	185	
273	269	300	302	258	301	333	294	288	289	748	
274	121	151	284	7	222	257	1028	127	286	1047	
275	172	82	151	195	168	91	403	204	161	385	
276	455	90	216	155	93	895	412	651	208	327	
277	118	222	125	275	546	127	475	597	14	13	
278	300	258	328	333	272	748	307	340	289	690	
279	72	475	38	430	3	14	82	161	49	722	
280	97	121	28	196	143	15	64	732	356	684	
281	328	313	286	302	245	307	269	678	272	327	
282	286	313	328	748	307	301	326	323	272	245	
283	1	181	174	172	153	56	257	154	111	94	
284	300	288	294	326	245	327	323	271	879	331	
285	294	50	181	333	328	127	748	268	289	301	
286	222	238	94	109	71	24	283	418	8	28	
287	7	288	475	258	127	405	508	151	273	286	
288	56	181	172	357	288	79	204	313	195	302	
289	118	546	237	257	597	181	50	25	100	111	
290	151	173	195	96	79	294	215	501	258	186	
291	42	559	217	68	111	25	746	628	433	186	
292	121	89	172	258	257	474	175	286	357	185	
293	385	318	58	9	692	276	735	191	179	241	
294	302	289	25	9	15	591	685	628	326	284	
295	28	393	432	568	135	176	195	732	8	234	
296	174	405	302	25	283	273	116	300	12	197	
297	172	127	288	121	96	318	405	64	276	179	
298	172	15	100	191	135	216	56	173	64	480	
299	269	116	268	124	382	258	8	709	42	172	
300	300	258	748	323	333	678	286	245	327	307	
301	234	229	238	200	188	38	135	55	70	208	
302	300	288	313	286	748	302	326	269	678	332	
303	732	217	66	628	154	175	89	1028	1074	188	
304	258	748	245	333	301	289	326	678	307	302	
305	22	137	182	28	213	4	58	9	276	124	
306	137	237	1	116	124	276	50	313	302	301	
307	176	151	95	98	432	191	69	96	202	97	
308	474	527	188	631	173	478	405	228	86	462	
309	258	313	302	328	269	288	294	307	301	748	
310	1	257	286	121	100	117	405	269	300	151	
311	435	427	95	182	162	582	144	153	4	11	
312	135	523	127	504	527	168	517	492	193	497	
313	483	705	196	510	173	294	429	227	528	188	
314	732	451	471	49	118	240	77	356	660	780	
315	174	64	182	357	50	209	11	268	7	514	
316	181	135	196	258	237	423	56	216	28	134	
317	258	294	333	286	302	307	332	327	301	269	
318	202	111	173	367	168	97	28	496	79	153	
319	300	286	258	328	288	294	272	748	326	327	
320	181	222	230	227	273	62	144	228	229	29	
321	482	285	427	504	187	185	23	517	661	137	
322	56	98	187	357	100	174	180	286	134	288	
323	237	276	1	12	302	748	174	742	318	313	
324	313	333	302	245	269	100	237	326	272	117	
325	603	194	479	89	496	56	427	705	204	153	
326	357	23	482	504	191	188	133	28	430	238	
327	276	135	137	124	185	134	462	58	223	483	
328	174	193	233	196	288	526	679	210	576	2	
329	328	748	237	56	1	289	9	268	301	121	
330	173	196	111	191	402	125	222	655	79	56	
331	12	56	98	23	318	134	197	357	127	603	
332	125	591	100	161	15	281	176	68	183	25	
333	50	286	56	204	181	258	172	210	302	194	
334	1	382	25	198	509	212	64	97	511	381	
335	300	286	294	302	326	301	272	327	332	289	
336	411	240	274	412	508	249	476	756	815	384	
337	405	1	117	118	7	546	597	472	258	252	
338	191	50	357	199	496	482	127	705	153	238	
339	172	96	318	210	443	193	202	230	385	215	
340	69	168	210	419	496	132	216	191	202	28	
341	300	328	258	333	323	748	678	313	307	286	
342	475	268	64	318	168	70	127	285	50	603	
343	181	172	70	183	216	204	173	96	182	195	
344	257	15	294	475	282	318	300	116	56	250	
345	276	275	97	735	591	692	423	328	699	22	
346	568	230	228	82	227	229	69	231	651	222	
347	64	9	111	234	591	628	161	265	196	218	
348	125	282	25	597	471	222	1047	284	257	50	
349	117	405	742	282	111	1	7	591	597	151	
350	56	474	357	100	135	194	96	79	175	197	
351	294	333	302	269	272	690	271	315	331	347	
352	127	22	204	168	11	64	187	69	188	318	
353	302	288	294	269	748	307	326	323	690	289	
354	514	179	212	302	198	517	1	640	111	475	
355	258	313	294	302	333	269	748	323	301	326	
356	302	269	323	245	301	289	332	690	327	340	
357	15	25	282	257	100	276	9	591	181	294	
358	286	14	269	462	170	275	137	86	285	197	
359	222	258	257	405	100	294	151	300	288	597	
360	286	300	117	121	276	9	7	435	318	89	
361	318	174	191	64	69	137	153	13	210	124	
362	258	286	307	326	269	301	327	272	289	690	
363	53	288	175	219	209	233	655	684	475	202	
364	300	258	328	333	313	269	301	748	307	327	
365	286	300	50	111	257	313	302	117	475	748	
366	324	183	145	441	928	264	452	179	358	53	
367	200	447	358	678	260	264	325	271	343	156	
368	200	185	176	324	156	358	258	179	678	260	
369	258	288	286	269	300	294	313	302	748	174	
370	127	483	194	474	168	286	357	197	204	191	
371	56	172	195	168	96	173	318	216	28	144	
372	324	164	328	294	217	11	358	258	260	323	
373	95	419	98	56	8	1	692	176	183	73	
374	410	22	508	187	293	866	188	1016	298	53	
375	182	11	200	53	187	23	12	188	226	92	
376	286	50	294	276	258	300	1	127	302	268	
377	300	286	328	333	302	50	327	269	245	326	
378	228	378	229	781	685	72	553	462	371	168	
379	483	423	22	228	132	180	134	182	318	209	
380	191	210	195	56	173	511	96	82	216	127	
381	275	181	222	286	258	143	86	197	25	213	
382	181	1	174	237	483	121	124	603	117	288	
383	127	23	194	187	269	482	511	199	170	191	
384	269	294	288	307	301	323	326	245	690	315	
385	179	475	7	47	154	124	517	64	170	527	
386	1	257	100	250	151	742	237	472	235	298	
387	234	185	433	164	154	405	235	216	483	134	
388	286	748	245	322	7	327	289	332	268	50	
389	357	659	419	523	70	692	432	443	648	318	
390	286	269	313	294	50	237	748	257	14	117	
391	79	181	183	185	172	135	654	496	216	514	
392	301	100	748	307	327	690	315	322	751	245	
393	210	63	401	226	216	231	284	235	300	746	
394	231	95	68	2	566	588	11	71	258	94	
395	294	222	117	405	7	69	323	173	204	125	
396	294	15	7	258	748	685	284	181	276	50	
397	98	294	258	300	269	187	603	185	333	64	
398	210	98	195	318	238	187	22	143	527	419	
399	202	4	739	88	217	367	216	200	183	181	
400	300	333	302	245	326	272	289	322	271	327	
401	15	300	216	98	496	274	132	423	79	118	
402	121	405	14	742	546	125	282	508	285	283	
403	742	15	125	25	276	294	273	591	298	250	
404	326	322	289	315	340	271	751	347	268	316	
405	155	153	631	154	506	636	164	159	157	167	
406	603	200	423	484	192	475	178	448	708	223	
407	79	419	22	64	318	435	451	501	527	133	
408	300	269	333	307	301	326	323	245	289	340	
409	194	185	238	56	168	269	132	208	64	521	
410	302	294	333	301	288	307	245	326	310	751	
411	204	96	173	69	144	82	98	176	127	183	
412	98	50	100	204	168	181	12	79	238	69	
413	313	294	288	748	328	117	1	121	127	323	
414	286	328	333	269	307	268	327	326	245	323	
415	300	294	288	286	50	313	98	302	333	181	
416	1047	566	218	1028	722	756	410	186	508	715	
417	204	68	53	240	432	229	227	175	455	71	
418	286	313	294	748	307	272	326	245	323	690	
419	127	258	222	172	168	294	204	210	121	483	
420	269	258	13	268	50	303	313	276	340	257	
421	357	195	23	64	180	181	168	204	288	483	
422	121	678	268	405	118	748	455	123	546	328	
423	294	288	301	289	332	331	271	268	259	321	
424	313	748	328	50	269	181	245	302	301	322	
425	328	226	431	22	182	665	245	449	578	268	
426	514	479	498	357	523	187	520	507	521	604	
427	288	313	294	333	269	748	307	323	301	326	
428	258	328	333	748	327	678	270	346	321	304	
429	135	215	9	175	402	451	660	447	588	239	
430	1	475	257	405	508	300	174	250	275	268	
431	258	313	288	333	326	301	272	289	327	315	
432	25	125	597	9	127	147	273	235	748	591	
433	258	288	313	328	301	307	327	289	272	271	
434	742	117	405	25	282	276	284	100	597	845	
435	231	99	94	238	739	143	233	449	209	232	
436	69	56	12	64	318	196	77	28	735	58	
437	357	175	209	1	382	735	64	527	427	509	
438	117	125	111	405	742	294	25	276	275	274	
439	117	1	50	9	286	258	111	508	742	25	
440	286	269	302	301	333	307	289	315	288	748	
441	258	50	181	748	286	237	222	323	328	118	
442	183	233	568	566	4	265	431	50	127	232	
443	300	288	328	302	326	301	272	322	289	332	
444	294	302	288	333	323	301	289	326	690	322	
445	294	258	286	282	124	222	129	111	25	250	
446	258	313	333	272	323	315	310	271	347	678	
447	127	273	125	475	172	195	64	628	318	250	
448	300	313	328	272	294	748	315	690	347	289	
449	124	275	7	237	13	116	283	129	25	405	
450	8	72	9	404	684	517	755	420	31	515	
451	313	272	340	271	310	315	347	751	750	343	
452	357	133	210	56	511	705	208	205	484	238	
453	173	64	216	96	100	195	28	182	161	88	
454	294	216	215	127	187	523	205	183	180	328	
455	742	215	151	294	86	210	111	566	284	655	
456	7	183	89	176	173	11	64	195	156	318	
457	71	95	735	153	419	99	217	432	496	274	
458	475	508	197	15	111	471	479	70	480	216	
459	1	118	237	288	151	276	9	313	284	1028	
460	269	300	237	50	116	222	475	121	181	405	
461	300	286	288	328	333	301	289	272	307	245	
462	294	258	286	333	748	245	302	307	269	301	
463	405	222	181	9	118	742	298	255	294	546	
464	313	323	245	271	272	327	340	690	268	751	
465	168	204	173	483	210	197	238	153	69	514	
466	271	286	228	230	751	233	222	229	227	12	
467	121	250	508	286	405	151	294	24	129	235	
468	276	168	151	79	11	210	28	196	202	282	
469	514	435	480	479	482	211	205	197	498	187	
470	117	237	121	405	14	275	127	25	151	111	
471	419	143	181	168	173	423	91	132	222	225	
472	451	144	164	219	154	89	184	98	679	732	
473	100	286	13	269	283	248	237	50	93	250	
474	133	443	423	153	177	1	631	202	223	162	
475	300	258	272	301	328	294	333	340	268	289	
476	269	722	153	49	8	12	172	763	154	174	
477	125	845	476	283	471	284	742	393	70	692	
478	56	174	173	475	156	423	172	4	508	210	
479	98	7	56	69	191	229	237	568	132	515	
480	181	286	168	357	194	474	204	195	435	134	
481	168	174	194	56	172	496	357	208	186	483	
482	300	302	333	323	307	272	326	271	322	268	
483	117	7	100	118	89	14	172	83	82	174	
484	405	403	118	62	546	127	100	196	215	402	
485	300	258	333	272	340	315	690	323	327	268	
486	118	313	283	323	274	291	116	24	411	126	
487	233	228	655	451	118	54	182	29	168	284	
488	204	195	423	194	435	427	313	603	202	121	
489	690	305	344	354	306	877	242	262	311	345	
490	121	405	475	276	250	25	275	742	111	14	
491	276	137	302	9	50	269	508	13	275	117	
492	197	194	435	480	603	357	23	174	427	180	
493	288	294	144	286	64	237	228	276	28	153	
494	258	288	117	56	69	318	7	276	172	483	
495	588	99	28	97	164	22	215	443	436	405	
496	423	69	588	95	210	71	82	234	200	216	
497	235	576	554	117	546	154	732	88	209	17	
498	357	209	185	195	286	96	654	318	153	200	
499	286	294	172	269	435	187	197	79	204	302	
500	222	14	288	137	191	86	318	173	71	508	
501	1	742	50	9	15	471	235	284	1047	250	
502	286	748	302	326	245	269	322	332	327	289	
503	191	462	483	170	9	511	515	135	196	202	
504	588	15	95	185	496	432	501	378	191	135	
505	222	28	196	318	215	230	405	118	216	286	
506	22	265	4	188	97	144	64	431	651	451	
507	258	286	326	289	322	301	272	332	327	259	
508	56	89	28	135	202	22	64	97	496	100	
509	286	313	269	333	748	323	326	272	327	322	
510	258	328	307	302	332	327	301	269	272	271	
511	258	328	286	323	748	302	307	245	326	327	
512	174	98	181	288	286	100	172	300	294	127	
513	1	7	151	100	597	237	742	294	228	125	
514	56	286	238	82	8	127	143	151	496	588	
515	333	301	245	272	327	751	879	678	331	268	
516	174	258	100	1	127	172	222	98	210	168	
517	121	257	286	118	100	313	15	151	125	323	
518	282	15	111	597	257	411	274	845	293	281	
519	300	258	294	302	286	307	323	269	326	245	
520	258	313	328	748	288	301	333	272	245	307	
521	98	82	4	294	64	24	62	233	55	546	
522	187	56	357	194	174	98	127	483	474	603	
523	275	173	283	100	216	88	111	13	238	286	
524	357	427	510	183	9	176	566	177	659	153	
525	117	50	222	546	471	9	294	284	591	235	
526	286	313	289	268	322	326	117	327	340	257	
527	98	483	89	204	194	216	654	173	186	195	
528	172	98	1	195	300	357	216	127	100	183	
529	313	302	748	272	289	678	690	879	315	347	
530	69	318	216	1	286	173	423	28	210	294	
531	258	328	294	333	269	307	326	301	272	322	
532	294	328	385	258	748	288	566	393	550	568	
533	79	7	173	11	144	183	199	273	732	628	
534	100	111	411	9	284	257	222	50	298	181	
535	191	127	216	582	462	23	69	12	474	175	
536	89	173	196	161	99	91	258	202	216	660	
537	9	631	531	153	223	218	505	8	520	436	
538	64	357	1	186	197	194	180	265	135	228	
539	100	191	216	302	174	318	168	70	173	313	
540	237	118	151	288	546	282	127	748	275	298	
541	202	94	451	25	216	69	132	97	739	294	
542	216	174	98	153	79	4	111	66	156	154	
543	182	172	127	100	50	173	196	228	203	58	
544	333	269	307	245	272	322	289	690	678	340	
545	2	576	38	118	186	402	56	432	250	241	
546	678	323	328	748	333	358	260	324	245	326	
547	300	286	272	288	307	748	690	326	245	327	
548	289	125	685	269	508	301	268	148	879	332	
549	117	222	7	257	294	742	15	546	125	300	
550	286	117	678	245	333	118	289	269	151	322	
551	53	367	239	231	173	29	549	148	939	23	
552	546	597	276	9	1028	476	685	235	255	275	
553	194	654	211	357	185	127	705	504	133	663	
554	471	25	97	258	196	210	64	127	257	300	
555	1	294	257	286	222	127	300	237	475	151	
556	300	357	98	56	23	269	194	174	514	483	
557	258	286	302	313	333	328	748	301	340	272	
558	275	13	276	237	257	475	111	25	1	462	
559	79	172	50	64	96	357	98	168	186	173	
560	117	475	237	276	294	9	742	15	286	298	
561	82	134	265	187	127	161	527	208	654	83	
562	172	69	210	195	183	423	176	22	96	168	
563	1	111	121	294	117	204	202	405	25	88	
564	294	748	286	328	288	222	405	1	678	271	
565	14	275	582	116	137	285	52	283	20	13	
566	174	79	216	28	195	655	183	238	176	1	
567	435	211	180	98	663	515	182	238	186	208	
568	514	134	654	480	484	211	197	498	657	205	
569	181	742	275	282	597	127	255	147	591	250	
570	300	313	328	294	333	269	307	323	272	340	
571	50	56	98	100	204	168	127	172	483	173	
572	275	258	237	1	50	269	257	276	117	285	
573	483	98	357	194	187	100	197	435	56	603	
574	313	301	294	307	748	326	271	323	751	322	
575	50	174	56	204	69	100	172	64	195	210	
576	121	117	111	127	25	286	151	405	222	258	
577	195	282	144	222	451	70	692	227	66	164	
578	258	286	328	333	748	302	269	271	307	326	
579	174	181	172	300	313	191	302	318	357	423	
580	117	118	237	742	678	127	298	235	328	472	
581	1	14	257	121	124	117	13	405	286	151	
582	546	111	276	298	127	286	678	147	323	282	
583	50	56	98	174	127	181	475	238	168	183	
584	1	121	257	405	250	89	174	176	210	117	
585	285	137	269	13	515	382	221	124	387	512	
586	684	546	55	12	2	98	62	89	4	7	
587	678	751	346	299	324	344	306	354	242	311	
588	196	70	418	174	228	191	300	405	77	501	
589	302	748	269	245	322	315	331	347	750	270	
590	117	25	121	471	283	405	1	7	257	742	
591	173	174	269	111	153	318	50	69	197	12	
592	300	23	25	111	156	200	209	175	240	321	
593	215	28	64	202	294	22	132	756	151	356	
594	275	1	258	121	117	300	257	9	405	294	
595	7	1	117	405	276	118	25	257	125	147	
596	288	748	333	269	245	302	271	1	307	326	
597	258	121	117	288	257	222	405	237	100	313	
598	328	294	302	288	333	307	272	301	326	245	
599	15	742	125	25	591	118	117	9	121	411	
600	68	144	55	33	222	636	405	849	685	117	
601	1	7	423	200	28	95	117	432	216	25	
602	258	50	288	323	222	405	286	328	15	7	
603	258	96	228	1	195	121	300	79	144	127	
604	219	436	23	217	183	156	559	324	179	357	
605	50	258	181	7	56	742	25	125	313	222	
606	742	318	276	357	9	89	143	597	218	240	
607	14	50	515	285	127	181	286	124	514	197	
608	191	12	237	302	582	258	180	135	179	527	
609	300	286	328	748	269	333	302	323	301	245	
610	69	174	181	357	286	64	258	300	100	97	
611	258	328	294	748	327	326	289	332	310	271	
612	121	50	405	181	294	125	111	742	151	471	
613	181	100	174	286	300	483	79	187	56	172	
614	15	742	118	125	282	111	471	50	151	257	
615	318	134	483	98	174	603	285	313	50	137	
616	294	332	690	340	271	310	751	268	270	259	
617	23	135	603	474	180	324	264	176	654	479	
618	58	402	357	393	732	739	451	742	153	405	
619	748	230	227	229	222	271	2	228	265	431	
620	258	222	143	473	405	748	200	25	132	472	
621	168	210	204	403	202	294	29	597	228	411	
622	151	393	186	265	208	216	235	71	546	732	
623	174	1	172	100	168	173	56	294	98	195	
624	289	9	322	118	222	151	284	13	150	274	
625	1	98	127	89	56	7	79	228	153	175	
626	300	307	269	245	326	301	322	271	340	690	
627	265	31	203	64	54	356	38	127	218	98	
628	286	313	328	269	748	307	323	245	272	327	
629	318	302	313	79	216	237	272	181	28	97	
630	405	151	284	748	591	274	1028	685	147	245	
631	300	258	328	302	333	269	748	245	326	322	
632	423	216	265	89	127	238	121	117	180	153	
633	181	258	22	174	98	69	294	127	222	11	
634	257	151	475	255	298	181	291	815	250	148	
635	258	288	286	313	245	289	322	326	678	272	
636	50	181	405	117	237	257	151	7	125	111	
637	1	276	597	284	222	258	288	748	845	298	
638	79	227	566	56	568	177	1	233	2	257	
639	318	736	190	699	69	732	13	8	143	529	
640	172	144	403	187	367	89	188	238	29	216	
641	286	269	302	603	474	100	127	479	175	197	
642	111	25	763	781	161	239	274	692	476	215	
643	64	182	22	175	180	318	191	135	188	196	
644	288	286	1	313	245	405	222	118	678	742	
645	238	204	12	234	603	187	176	153	79	100	
646	302	333	269	245	301	326	322	289	327	271	
647	50	181	1	258	118	172	210	100	127	69	
648	597	257	100	99	588	501	135	419	132	233	
649	405	222	118	237	257	100	7	151	742	546	
650	432	28	405	436	448	418	94	64	465	8	
651	300	258	313	328	333	288	272	289	748	340	
652	258	313	322	326	302	307	269	678	289	272	
653	568	173	12	68	31	203	231	651	71	435	
654	7	286	125	202	9	127	475	88	471	191	
655	241	83	549	10	180	747	506	147	277	463	
656	313	258	328	333	301	294	288	307	315	748	
657	288	100	50	313	748	328	181	333	237	268	
658	174	12	121	124	237	222	508	89	175	405	
659	194	318	435	132	427	480	22	133	205	527	
660	588	258	226	28	234	143	109	501	451	418	
661	98	56	100	176	22	127	82	483	234	202	
662	14	137	124	475	269	237	7	283	257	1	
663	118	293	302	298	257	222	291	327	255	248	
664	357	204	216	238	135	195	423	28	11	181	
665	25	118	288	174	204	276	258	318	173	28	
666	9	276	521	22	705	1	528	117	659	178	
667	286	56	64	100	12	174	204	302	191	70	
668	313	748	301	268	751	315	245	690	326	181	
669	100	286	294	98	288	204	210	89	173	176	
670	50	194	435	127	181	211	172	205	496	197	
671	230	227	229	403	228	127	183	187	449	232	
672	1	121	111	117	100	405	125	257	118	276	
673	269	333	748	245	690	289	332	271	751	879	
674	258	237	748	100	7	471	546	286	328	111	
675	302	313	300	301	268	328	315	340	289	690	
676	333	323	301	289	307	127	690	322	678	268	
677	258	121	50	100	181	257	328	118	333	313	
678	121	237	405	257	151	118	9	258	471	125	
679	174	98	258	210	216	202	191	151	238	655	
680	181	237	222	275	405	127	111	475	258	13	
681	300	286	313	333	748	302	269	323	307	245	
682	56	402	739	411	118	230	227	200	203	508	
683	333	326	310	751	750	343	304	292	319	689	
684	25	69	95	28	367	174	423	143	451	257	
685	300	258	328	313	294	268	301	307	272	326	
686	69	195	183	483	238	210	96	216	186	100	
687	258	328	333	302	748	307	301	326	327	289	
688	300	328	258	294	313	333	286	748	323	245	
689	100	742	294	546	25	127	276	288	282	235	
690	367	173	732	172	28	318	423	111	22	692	
691	357	174	288	69	127	204	300	194	427	483	
692	50	111	237	15	276	181	288	117	742	274	
693	22	182	237	200	203	89	100	204	265	133	
694	134	79	479	234	64	514	56	186	96	136	
695	258	294	269	326	245	327	272	332	271	690	
696	300	269	328	258	333	272	294	301	288	289	
697	258	117	100	405	678	313	322	597	289	15	
698	197	474	514	208	484	523	98	79	286	186	
699	257	237	25	742	125	508	282	472	289	293	
700	172	204	210	69	195	1	100	22	183	216	
701	258	302	294	301	748	307	288	245	340	310	
702	328	286	323	333	269	302	326	678	245	690	
703	405	125	151	282	546	111	597	286	284	298	
704	194	483	174	479	357	474	127	199	482	498	
705	176	258	237	204	449	202	88	125	431	472	
706	121	405	300	15	222	282	276	748	546	257	
707	213	514	509	709	25	59	237	276	435	511	
708	282	288	100	257	286	323	245	275	7	591	
709	566	222	188	55	684	12	31	184	679	685	
710	288	98	168	328	69	183	195	748	238	191	
711	28	210	1	462	237	15	382	174	153	418	
712	216	70	28	8	161	132	239	208	403	153	
713	300	258	328	301	333	294	748	326	751	289	
714	222	742	125	546	25	127	275	274	147	298	
715	210	12	568	423	403	742	385	55	151	127	
716	523	71	654	15	8	89	100	510	657	528	
717	323	1	118	276	257	181	9	15	273	508	
718	237	117	121	125	1	25	9	276	294	291	
719	15	471	276	100	125	111	117	1	196	591	
720	300	328	301	307	340	690	294	289	288	748	
721	313	272	98	307	315	340	271	310	751	71	
722	742	15	282	1	125	276	9	288	258	50	
723	181	100	294	300	222	288	269	173	98	7	
724	258	340	315	270	303	316	321	292	319	260	
725	313	323	302	269	289	307	326	678	272	50	
726	237	111	121	15	405	742	100	294	125	118	
727	554	449	168	4	151	742	732	273	391	99	
728	294	300	121	258	276	1	9	125	405	118	
729	258	286	302	323	269	245	307	326	301	332	
730	288	286	100	222	405	313	323	245	127	333	
731	174	98	483	191	318	50	423	435	134	135	
732	258	328	313	294	302	333	748	301	323	307	
733	25	257	111	118	15	222	597	475	508	50	
734	181	1	69	216	196	237	168	71	258	151	
735	294	313	302	121	257	328	222	268	405	111	
736	258	300	1	288	100	222	121	117	269	7	
737	56	98	50	168	172	181	7	204	238	183	
738	588	431	132	62	483	432	194	435	294	419	
739	174	294	300	181	204	258	357	210	127	64	
740	313	333	323	307	245	301	272	327	690	340	
741	318	64	237	97	168	655	1	12	195	568	
742	121	405	257	276	151	118	25	9	742	111	
743	313	328	333	245	307	323	272	50	271	690	
744	100	56	98	286	357	294	288	12	64	194	
745	121	172	56	117	89	195	257	210	237	197	
746	195	227	183	257	188	173	250	29	177	679	
747	191	197	186	435	527	484	657	143	523	89	
748	98	100	127	191	423	28	238	202	294	435	
749	265	28	97	451	588	177	29	597	684	432	
750	313	333	302	307	326	272	289	322	332	678	
751	258	423	69	222	393	191	151	228	97	286	
752	328	245	879	303	259	343	304	292	319	682	
753	300	127	56	258	204	318	197	210	302	474	
754	471	125	591	121	405	111	294	546	100	300	
755	313	333	307	326	272	332	678	315	268	751	
756	405	172	174	257	258	204	229	7	168	265	
757	597	380	55	127	578	184	748	300	234	273	
758	89	268	1	515	182	403	226	187	2	194	
759	15	100	7	125	546	286	151	597	288	282	
760	294	1	69	15	423	258	28	318	121	56	
761	121	118	405	100	300	257	597	276	25	111	
762	269	100	258	275	268	313	14	301	300	283	
763	216	204	318	181	172	423	655	64	202	582	
764	471	181	546	476	257	97	423	196	288	127	
765	100	1	257	181	121	13	117	116	111	405	
766	199	603	480	204	195	427	511	479	210	143	
767	50	174	127	181	194	435	474	199	135	511	
768	294	276	286	258	125	181	118	7	748	546	
769	117	742	257	125	151	15	181	50	25	7	
770	288	121	286	405	237	276	313	269	125	127	
771	257	151	204	174	269	100	210	168	121	70	
772	313	286	333	269	301	289	690	340	347	750	
773	173	156	195	186	144	55	4	250	79	202	
774	144	11	173	578	665	474	184	55	38	435	
775	302	328	294	288	301	748	326	289	323	340	
776	183	357	176	180	56	447	448	175	484	288	
777	50	98	174	318	69	64	181	12	237	172	
778	98	172	173	210	50	181	202	96	22	655	
779	405	151	237	294	100	742	25	546	597	748	
780	194	56	181	69	483	435	127	168	197	173	
781	98	300	357	79	173	22	168	183	12	96	
782	327	303	319	305	242	306	311	334	262	345	
783	313	302	748	323	326	245	327	272	322	332	
784	288	294	748	301	245	289	322	347	879	268	
785	181	98	258	172	204	100	300	286	127	173	
786	79	56	151	22	168	64	135	96	118	215	
787	301	272	323	289	340	327	315	332	322	678	
788	161	265	77	127	31	233	526	196	515	181	
789	7	237	117	121	257	9	25	273	405	282	
790	204	257	82	95	94	88	385	118	24	732	
791	258	313	333	323	307	272	326	690	340	315	
792	117	284	222	257	274	273	411	685	235	50	
793	546	125	25	15	471	475	111	147	284	410	
794	7	222	124	121	250	405	117	283	151	258	
795	95	228	24	250	176	56	82	98	99	183	
796	70	435	471	651	73	11	239	135	177	526	
797	258	313	288	302	333	323	301	245	289	272	
798	99	739	25	501	404	216	70	386	625	8	
799	300	269	294	313	302	288	328	333	181	748	
800	117	100	151	7	258	471	111	546	282	9	
801	258	286	748	323	269	327	322	272	678	289	
802	328	185	271	324	307	322	343	245	682	325	
803	258	313	328	302	294	288	333	301	323	272	
804	117	431	501	179	665	484	418	217	404	427	
805	219	69	218	132	257	186	97	380	250	230	
806	7	173	183	22	69	64	202	11	191	423	
807	176	183	568	226	202	97	294	88	755	225	
808	258	328	333	269	307	301	323	326	272	289	
809	300	288	294	269	323	326	301	690	332	327	
810	258	302	748	323	307	245	272	322	332	327	
811	328	313	286	288	333	302	269	245	326	322	
812	300	258	313	323	307	322	327	301	269	272	
813	258	328	313	286	288	748	333	323	302	269	
814	217	164	324	183	23	928	264	452	179	678	
815	234	197	186	22	161	56	208	568	211	498	
816	258	333	748	286	245	307	302	327	301	269	
817	50	181	742	237	100	323	257	678	125	471	
818	294	333	748	272	307	301	326	323	289	315	
819	269	313	328	301	333	288	272	294	340	307	
820	300	294	269	307	323	326	272	245	327	271	
821	50	25	222	9	282	276	127	69	7	257	
822	151	258	50	181	222	257	288	121	294	173	
823	11	357	70	82	179	132	200	265	42	367	
824	300	258	328	313	333	302	307	326	269	301	
825	1	471	15	151	410	300	845	476	475	255	
826	566	222	144	405	250	121	751	380	515	117	
827	328	307	323	327	322	315	340	271	310	751	
828	258	268	285	137	319	272	242	13	289	315	
829	137	285	283	50	13	269	7	181	121	9	
830	50	144	121	423	168	62	186	199	28	405	
831	286	302	269	127	268	289	322	678	98	332	
832	300	286	333	302	289	271	332	301	327	269	
833	603	514	484	42	17	480	39	124	231	672	
834	748	328	302	1	121	289	257	301	222	322	
835	98	496	483	64	56	100	498	172	603	181	
836	300	294	98	333	340	313	328	23	127	272	
837	1	121	117	405	100	118	471	257	742	50	
838	269	275	151	117	294	98	79	202	237	216	
839	405	222	15	151	9	25	294	288	125	282	
840	211	427	133	523	482	527	205	318	657	485	
841	328	294	269	245	301	289	690	332	327	271	
842	286	300	288	301	307	294	748	690	347	326	
843	496	559	483	118	22	568	405	418	404	472	
844	1	121	204	96	79	183	98	265	230	28	
845	300	258	301	328	315	333	347	307	690	289	
846	402	153	419	77	62	38	447	582	501	631	
847	100	423	588	69	132	143	294	432	28	357	
848	98	168	194	211	143	208	432	28	56	705	
849	50	1	181	222	151	98	294	7	405	117	
850	1	423	216	195	194	357	191	183	196	64	
851	288	294	300	245	100	322	7	117	282	323	
852	222	181	742	258	125	294	298	748	15	237	
853	313	269	272	289	340	310	315	268	751	347	
854	276	181	137	546	284	410	298	248	845	240	
855	14	137	285	116	275	86	13	213	190	124	
856	300	302	288	333	269	245	301	332	271	751	
857	286	269	313	302	748	288	301	289	333	268	
858	300	258	294	288	313	302	328	748	245	301	
859	237	100	1	742	125	121	117	7	9	405	
860	328	258	268	340	288	748	750	319	321	322	
861	269	283	285	137	313	258	13	302	190	707	
862	1	234	144	118	204	23	511	191	194	134	
863	323	245	678	346	358	689	312	260	325	338	
864	385	739	89	191	68	135	179	582	431	241	
865	151	257	50	181	235	25	742	250	288	125	
866	286	258	301	328	333	307	340	690	289	750	
867	127	100	357	173	288	121	187	234	238	265	
868	175	144	79	28	99	559	185	431	231	71	
869	1	121	111	117	405	257	742	7	9	471	
870	187	234	153	156	173	175	423	97	183	215	
871	328	294	748	288	340	327	879	316	322	303	
872	125	15	471	245	322	25	276	411	678	9	
873	288	302	333	748	323	301	245	272	322	690	
874	269	100	258	300	301	272	268	283	303	50	
875	56	100	168	204	127	318	238	69	197	191	
876	300	127	50	56	98	100	357	302	64	258	
877	313	272	301	315	283	97	213	660	289	462	
878	275	83	86	173	69	196	660	1	143	423	
879	405	257	742	100	471	7	258	546	276	275	
880	66	576	216	1028	73	125	399	274	153	739	
881	210	496	211	173	237	144	597	427	153	501	
882	257	97	100	125	196	22	127	742	234	161	
883	181	258	191	303	268	186	475	272	179	381	
884	286	137	283	83	170	313	13	20	302	190	
885	168	202	196	121	15	191	98	132	215	222	
886	210	226	202	684	31	82	70	203	77	431	
887	15	117	742	237	173	546	174	88	234	216	
888	275	50	276	216	318	70	204	283	14	15	
889	238	176	367	508	47	197	228	53	68	233	
890	199	56	197	498	191	180	96	511	222	419	
891	125	1	9	276	284	275	222	151	257	7	
892	161	234	211	199	197	205	451	185	474	427	
893	7	742	181	100	222	15	546	282	257	25	
894	301	321	294	248	304	222	325	127	150	382	
895	121	258	222	257	237	405	15	300	7	286	
896	56	218	38	177	185	193	449	443	433	447	
897	357	432	64	144	15	427	191	216	318	527	
898	269	294	333	748	307	301	326	323	245	690	
899	210	56	100	22	127	183	82	405	97	7	
900	127	276	282	7	591	742	50	15	118	1	
901	173	202	71	588	79	25	97	143	385	125	
902	286	313	269	288	748	174	100	222	56	323	
903	508	237	174	117	234	124	591	69	150	195	
904	15	70	25	286	283	69	692	393	125	660	
905	286	288	276	323	269	289	9	127	50	307	
906	1	275	282	118	25	111	14	257	222	546	
907	276	9	300	845	546	255	597	7	257	328	
908	64	168	23	187	474	238	134	180	234	135	
909	269	258	313	302	301	283	285	272	137	303	
910	7	294	258	276	546	471	15	151	111	475	
911	50	496	135	132	181	133	202	498	69	175	
912	98	496	603	69	514	216	134	191	50	135	
913	172	153	135	286	196	294	197	496	121	97	
914	70	66	660	215	393	97	275	86	699	196	
915	269	294	272	748	326	245	340	690	289	327	
916	403	200	651	231	191	62	184	47	660	25	
917	111	117	15	742	125	405	7	275	294	284	
918	191	70	14	283	432	52	173	483	496	423	
919	269	121	405	845	127	13	274	324	476	248	
920	328	269	294	748	326	323	327	690	289	315	
921	294	118	117	742	100	300	546	258	204	748	
922	121	423	96	28	405	144	79	91	196	97	
923	7	118	597	15	471	25	111	127	147	284	
924	98	79	294	69	222	204	210	22	357	183	
925	328	294	258	358	264	234	436	448	326	268	
926	328	333	748	301	307	323	326	690	327	332	
927	151	181	50	202	88	117	173	66	423	172	
928	286	294	50	258	56	300	100	174	302	181	
929	357	181	194	183	79	64	96	176	180	168	
930	181	7	222	111	25	276	15	127	258	9	
931	294	748	328	301	50	117	289	1	285	405	
932	127	187	23	132	186	195	485	604	50	181	
933	423	566	188	68	684	2	55	655	431	31	
934	194	496	143	238	79	588	511	603	95	28	
935	405	111	276	25	50	222	275	591	151	294	
936	257	288	742	151	222	15	302	546	293	147	
937	269	257	1	181	276	13	302	117	313	121	
938	294	282	147	274	628	322	123	475	1016	924	
939	117	1	125	282	111	25	284	100	276	151	
940	288	268	127	210	318	328	79	333	64	340	
941	50	121	100	405	151	288	250	127	118	237	
942	286	294	748	194	288	181	199	127	483	302	
943	550	4	82	144	684	176	265	183	88	77	
